id,name
1,東京電力エナジーパートナー
2,東京ガス
3,Looopでんき